indiceSommetDepart indiceSommetArrivee indiceArc couleurArc distanceArc
0 19 0 3 20
0 2 1 3 2
0 5 2 3 8 
0 1 3 3 8 
2 3 4 1 4
3 19 5 3 15
42 1 6 2 3
1 5 7 3 3
4 6 8 2 3
4 8 9 3 10
1 12 10 2 10
1 9 11 2 6
7 9 12 1 6
7 27 13 2 8
8 27 14 2 6
11 19 15 3 10
11 21 16 2 11
19 43 17 0 3
20 22 18 0 5
11 31 19 2 7
11 20 20 1 6
20 31 21 1 3
31 39 22 1 8
31 30 23 1 2
31 32 24 1 3
30 31 25 0 4
21 22 26 1 1
1 44 27 2 11
9 24 28 2 7
9 26 29 0 6
10 26 30 0 5
10 18 31 0 3
10 27 32 0 7
18 27 33 0 4
17 26 34 1 8
17 25 35 1 3
25 26 36 1 4
26 29 37 0 4
26 28 38 0 2
29 28 39 0 3
26 38 40 1 7
29 38 41 2 3
38 41 42 1 3
17 37 43 1 7
17 40 44 3 10
24 36 45 2 4
23 36 46 1 4
44 36 47 5 2
23 24 48 0 1
12 44 49 0 2
12 15 50 1 5
15 35 51 3 9
14 15 52 1 2
14 16 53 1 5
13 16 54 1 3
16 33 55 1 7
37 40 56 2 5
100 0
101 0
102 0
103 0
104 0
105 0
106 0
107 0
108 0
109 0
110 0
111 0
112 0
113 0
114 0
115 0
116 0
117 0
118 0
119 0
120 0
121 0
122 0
123 0
124 0
125 0
126 0
127 0
128 0
129 0
130 0
131 0
132 0
133 0
134 0
135 0
136 0
137 0
138 0
139 0
140 0
141 0
142 0
