0 19 0 3 20
0 2 1 3 2
0 5 2 3 8 
0 1 3 3 8 
2 3 4 1 4
3 19 5 3 15
42 1 6 2 3
1 5 7 3 3
4 6 8 2 3
4 8 9 3 10
1 12 10 2 10
1 9 11 2 6
7 9 12 1 6
7 27 13 2 8
8 27 14 2 6
11 19 15 3 10
11 21 16 2 11
20 22 18 0 5
19 43 17 0 3
11 31 19 2 7
11 20 20 1 6
20 31 21 1 3
31 39 22 1 8
31 30 23 1 2
31 32 24 1 3
30 31 25 0 4
21 22 26 1 1
1 44 27 2 11
9 24 28 2 7
9 26 29 0 1
10 26 30 0 5
10 18 31 0 3
10 27 32 0 7
18 27 33 0 4
17 26 34 1 8
17 25 35 1 3
25 26 36 1 4
26 29 37 0 4
26 28 38 0 2
29 28 39 0 3
26 38 40 1 7
29 38 41 2 3
38 41 42 1 3
17 37 43 1 7
17 40 44 3 10
24 36 45 2 4
23 36 46 1 4
44 36 47 2 5
23 24 48 0 1
12 44 49 0 2
12 15 50 1 5
15 35 51 3 9
14 15 52 1 2
14 16 53 1 5
13 16 54 1 3
16 33 55 1 7
37 40 56 2 5
1 0 100 4 7 
2 0 101 4 2
3 2 102 4 4
4 2 103 4 4
5 1 104 4 3
12 42 105 4 8
9 1 106 4 5
9 6 107 4 4
7 4 108 4 4
23 9 109 4 7
26 9 110 4 6
27 10 111 4 7
27 7 112 4 8
27 18 113 4 7
26 17 114 4 8
26 25 115 4 4
29 26 116 4 4
28 17 117 4 9
41 29 118 4 6
29 27 119 4 2
37 17 120 4 6
40 17 121 4 10
43 27 122 4 4
19 8 123 4 5
21 11 124 4 11
22 20 125 4 5
43 22 126 4 2
32 20 127 4 5
32 31 128 4 3
32 30 129 4 4
39 30 130 4 7
36 12 131 4 7
44 12 132 4 2
36 23 133 4 4
24 23 134 4 1 
34 12 135 4 9
15 12 136 4 4
16 15 137 4 3
16 14 138 4 4
16 13 139 4 3
33 16 140 4 5
34 33 141 4 5
35 34 142 4 3
indiceSommetDepart indiceSommetArrivee indiceArc couleurArc tempsArc
